sdu - dolan - 1 - 60 : 2,3,1,2,1,2,3,5,5,4,3,4,4,4,4,4,4,4,5,5,6,5,4,2
dolan - kiz - 5 - 60 : 2,2,1,2,1,2,3,5,5,4,3,4,4,4,4,4,5,5,5,5,6,5,4,2
kiz - aport - 8 - 60 : 2,3,3,2,3,2,3,5,5,5,3,4,4,4,4,4,5,7,8,8,6,5,4,2
aport - tulpar - 3 - 60 : 2,2,2,2,3,2,3,5,5,5,3,4,4,4,5,6,5,8,8,8,6,5,4,2
tulpar - sputnik - 4 - 60 : 2,2,3,2,3,2,3,5,5,5,3,4,4,4,4,8,5,8,9,9,6,5,4,2
sputnik - zheltoksan - 4 - 60 : 2,2,2,2,3,2,3,5,5,5,3,4,4,4,5,8,5,8,9,9,6,4,4,2
zheltoksan - kbtu - 3 - 60 : 2,2,2,2,3,2,3,5,5,5,3,4,4,4,5,8,5,8,9,9,6,4,4,2
dolan - sdu - 1 - 60 : 2,3,1,2,1,2,3,5,5,4,3,4,4,4,4,5,4,4,5,5,6,5,4,2
kiz - dolan - 5 - 60 : 2,2,1,2,1,2,3,5,5,4,3,4,4,4,5,6,5,5,5,5,6,5,4,2
aport - kiz - 8 - 60 : 2,3,3,2,3,2,3,5,5,5,3,4,4,5,5,8,5,8,9,9,6,5,4,2
tulpar - aport - 3 - 60 : 2,2,2,2,3,2,3,5,5,5,3,4,4,4,5,8,5,8,9,9,6,5,4,2
sputnik - tulpar - 3 - 60 : 2,2,3,2,3,2,3,5,5,5,3,4,4,4,6,8,5,8,9,9,6,5,4,2
zheltoksan - sputnik - 4 - 60 : 2,2,2,2,3,2,3,5,5,5,3,4,4,4,5,8,5,8,9,9,6,4,4,2
kbtu - zheltoksan - 3 - 60 : 2,2,2,2,3,2,3,5,5,5,3,4,4,4,5,8,5,8,9,9,6,4,4,2
kbtu - silkway - 1 - 60 : 2,3,2,2,3,2,3,5,5,5,3,4,4,5,7,8,5,8,9,9,6,4,4,2
silkway - atu - 6 - 60 : 2,2,3,2,3,2,3,5,5,5,3,4,4,5,7,8,5,8,9,9,5,4,4,2
atu - auezova - 1 - 60 : 2,2,2,2,3,2,3,5,5,5,3,4,4,5,7,8,5,8,9,9,5,4,4,2
auezova - sairan - 5 - 60 : 3,2,2,2,3,2,3,5,5,5,3,4,4,5,7,8,5,8,9,9,5,4,4,2
sairan - kazakhtelecom - 3 - 60 : 2,3,2,2,3,2,3,5,5,5,3,4,4,5,7,8,5,8,9,9,5,4,4,2
kazakhtelecom - tulpar - 7 - 60 : 3,2,2,2,2,2,3,5,5,5,3,4,4,5,5,7,5,7,8,9,6,4,4,2
silkway - kbtu - 1 - 60 : 2,3,2,2,3,2,3,5,5,5,3,4,4,4,7,8,5,8,9,9,6,4,4,2
atu - silkway - 6 - 60 : 2,2,3,2,3,2,3,5,5,5,3,4,4,5,7,8,5,8,9,9,5,4,4,2
auezova - atu - 1 - 60 : 2,2,2,2,3,2,3,5,5,5,3,4,4,5,7,8,5,8,9,9,5,4,4,2
sairan - auezova - 5 - 60 : 3,2,2,2,3,2,3,5,5,5,3,4,4,5,7,8,5,8,9,9,5,4,4,2
tulpar - kazakhtelecom - 7 - 60 : 3,2,2,2,2,2,3,5,5,5,3,4,4,5,5,7,5,7,8,9,6,4,4,2
kazakhtelecom - sairan - 3 - 60 : 2,3,2,2,3,2,3,5,5,5,3,4,4,5,7,8,5,8,9,9,5,4,4,2